# step, loss_train, loss_test, metrics_test
0.000000000000000000e+00 4.338275268673896790e-02 2.324585914611816406e+00 7.531355023384094238e-01 4.255989566445350647e-02 2.324585914611816406e+00 7.531355023384094238e-01
1.000000000000000000e+03 9.355775080621242523e-03 7.169791311025619507e-02 1.602883189916610718e-01 7.645032368600368500e-03 7.169791311025619507e-02 1.602883189916610718e-01
2.000000000000000000e+03 7.788729388266801834e-03 4.669211432337760925e-02 4.184893891215324402e-02 4.769091028720140457e-03 4.669211432337760925e-02 4.184893891215324402e-02
3.000000000000000000e+03 3.809211775660514832e-03 3.250981494784355164e-02 2.475883252918720245e-02 1.993555808439850807e-03 3.250981494784355164e-02 2.475883252918720245e-02
4.000000000000000000e+03 3.471091855317354202e-03 2.574628591537475586e-02 1.857365481555461884e-02 2.178163500502705574e-03 2.574628591537475586e-02 1.857365481555461884e-02
5.000000000000000000e+03 3.336942521855235100e-03 2.156835608184337616e-02 1.477531529963016510e-02 2.423142781481146812e-03 2.156835608184337616e-02 1.477531529963016510e-02
6.000000000000000000e+03 2.930999733507633209e-03 1.895364932715892792e-02 1.231018453836441040e-02 2.240802161395549774e-03 1.895364932715892792e-02 1.231018453836441040e-02
7.000000000000000000e+03 2.583607332780957222e-03 1.735209859907627106e-02 1.037181913852691650e-02 1.976833213120698929e-03 1.735209859907627106e-02 1.037181913852691650e-02
8.000000000000000000e+03 2.369421767070889473e-03 1.594174839556217194e-02 9.407065808773040771e-03 1.784774358384311199e-03 1.594174839556217194e-02 9.407065808773040771e-03
9.000000000000000000e+03 2.179708331823348999e-03 1.500109862536191940e-02 8.644478395581245422e-03 1.617329893633723259e-03 1.500109862536191940e-02 8.644478395581245422e-03
1.000000000000000000e+04 2.369747962802648544e-03 1.462076790630817413e-02 7.688117213547229767e-03 1.686858944594860077e-03 1.462076790630817413e-02 7.688117213547229767e-03
1.100000000000000000e+04 1.914199674502015114e-03 1.360489428043365479e-02 7.529641967266798019e-03 1.397215411998331547e-03 1.360489428043365479e-02 7.529641967266798019e-03
1.200000000000000000e+04 2.341062761843204498e-03 1.360937207937240601e-02 6.678547244518995285e-03 1.588624087162315845e-03 1.360937207937240601e-02 6.678547244518995285e-03
1.300000000000000000e+04 1.788283349014818668e-03 1.243318617343902588e-02 6.809964310377836227e-03 1.267573563382029533e-03 1.243318617343902588e-02 6.809964310377836227e-03
1.400000000000000000e+04 1.735288300551474094e-03 1.195205561816692352e-02 6.540104746818542480e-03 1.178539590910077095e-03 1.195205561816692352e-02 6.540104746818542480e-03
1.500000000000000000e+04 2.745399018749594688e-03 1.195320766419172287e-02 5.902330856770277023e-03 1.676374115049839020e-03 1.195320766419172287e-02 5.902330856770277023e-03
1.500000000000000000e+04 2.745399018749594688e-03 1.195320766419172287e-02 5.902330856770277023e-03 1.676374115049839020e-03 1.195320766419172287e-02 5.902330856770277023e-03
1.600000000000000000e+04 5.879528471268713474e-04 4.510756989475339651e-04 6.815564702264964581e-04 6.271495949476957321e-04 4.510756989475339651e-04 6.815564702264964581e-04
1.652200000000000000e+04 3.818442346528172493e-04 1.764738262863829732e-04 4.518065252341330051e-04 3.320617834106087685e-04 1.764738262863829732e-04 4.518065252341330051e-04
1.652300000000000000e+04 3.818442346528172493e-04 1.764738262863829732e-04 4.518065252341330051e-04 3.320617834106087685e-04 1.764738262863829732e-04 4.518065252341330051e-04
1.652400000000000000e+04 3.818442346528172493e-04 1.764738262863829732e-04 4.518065252341330051e-04 3.320617834106087685e-04 1.764738262863829732e-04 4.518065252341330051e-04
1.652500000000000000e+04 3.818442346528172493e-04 1.764738262863829732e-04 4.518065252341330051e-04 3.320617834106087685e-04 1.764738262863829732e-04 4.518065252341330051e-04
1.652600000000000000e+04 3.818442346528172493e-04 1.764738262863829732e-04 4.518065252341330051e-04 3.320617834106087685e-04 1.764738262863829732e-04 4.518065252341330051e-04
1.652700000000000000e+04 3.818442346528172493e-04 1.764738262863829732e-04 4.518065252341330051e-04 3.320617834106087685e-04 1.764738262863829732e-04 4.518065252341330051e-04
1.652800000000000000e+04 3.818442346528172493e-04 1.764738262863829732e-04 4.518065252341330051e-04 3.320617834106087685e-04 1.764738262863829732e-04 4.518065252341330051e-04
1.652900000000000000e+04 3.818442346528172493e-04 1.764738262863829732e-04 4.518065252341330051e-04 3.320617834106087685e-04 1.764738262863829732e-04 4.518065252341330051e-04
1.653000000000000000e+04 3.818442346528172493e-04 1.764738262863829732e-04 4.518065252341330051e-04 3.320617834106087685e-04 1.764738262863829732e-04 4.518065252341330051e-04
1.653100000000000000e+04 3.818442346528172493e-04 1.764738262863829732e-04 4.518065252341330051e-04 3.320617834106087685e-04 1.764738262863829732e-04 4.518065252341330051e-04
1.653200000000000000e+04 3.818442346528172493e-04 1.764738262863829732e-04 4.518065252341330051e-04 3.320617834106087685e-04 1.764738262863829732e-04 4.518065252341330051e-04
1.653300000000000000e+04 3.818442346528172493e-04 1.764738262863829732e-04 4.518065252341330051e-04 3.320617834106087685e-04 1.764738262863829732e-04 4.518065252341330051e-04
1.653400000000000000e+04 3.818442346528172493e-04 1.764738262863829732e-04 4.518065252341330051e-04 3.320617834106087685e-04 1.764738262863829732e-04 4.518065252341330051e-04
1.653500000000000000e+04 3.818442346528172493e-04 1.764738262863829732e-04 4.518065252341330051e-04 3.320617834106087685e-04 1.764738262863829732e-04 4.518065252341330051e-04
1.653600000000000000e+04 3.818442346528172493e-04 1.764738262863829732e-04 4.518065252341330051e-04 3.320617834106087685e-04 1.764738262863829732e-04 4.518065252341330051e-04
1.653700000000000000e+04 3.818442346528172493e-04 1.764738262863829732e-04 4.518065252341330051e-04 3.320617834106087685e-04 1.764738262863829732e-04 4.518065252341330051e-04
1.653800000000000000e+04 3.818442346528172493e-04 1.764738262863829732e-04 4.518065252341330051e-04 3.320617834106087685e-04 1.764738262863829732e-04 4.518065252341330051e-04
1.653900000000000000e+04 3.818442346528172493e-04 1.764738262863829732e-04 4.518065252341330051e-04 3.320617834106087685e-04 1.764738262863829732e-04 4.518065252341330051e-04
1.654000000000000000e+04 3.818442346528172493e-04 1.764738262863829732e-04 4.518065252341330051e-04 3.320617834106087685e-04 1.764738262863829732e-04 4.518065252341330051e-04
1.654100000000000000e+04 3.818442346528172493e-04 1.764738262863829732e-04 4.518065252341330051e-04 3.320617834106087685e-04 1.764738262863829732e-04 4.518065252341330051e-04
1.654200000000000000e+04 3.818442346528172493e-04 1.764738262863829732e-04 4.518065252341330051e-04 3.320617834106087685e-04 1.764738262863829732e-04 4.518065252341330051e-04
1.654300000000000000e+04 3.818442346528172493e-04 1.764738262863829732e-04 4.518065252341330051e-04 3.320617834106087685e-04 1.764738262863829732e-04 4.518065252341330051e-04
1.654400000000000000e+04 3.818442346528172493e-04 1.764738262863829732e-04 4.518065252341330051e-04 3.320617834106087685e-04 1.764738262863829732e-04 4.518065252341330051e-04
1.654500000000000000e+04 3.818442346528172493e-04 1.764738262863829732e-04 4.518065252341330051e-04 3.320617834106087685e-04 1.764738262863829732e-04 4.518065252341330051e-04
1.654600000000000000e+04 3.818442346528172493e-04 1.764738262863829732e-04 4.518065252341330051e-04 3.320617834106087685e-04 1.764738262863829732e-04 4.518065252341330051e-04
1.654700000000000000e+04 3.818442346528172493e-04 1.764738262863829732e-04 4.518065252341330051e-04 3.320617834106087685e-04 1.764738262863829732e-04 4.518065252341330051e-04
1.654800000000000000e+04 3.818442346528172493e-04 1.764738262863829732e-04 4.518065252341330051e-04 3.320617834106087685e-04 1.764738262863829732e-04 4.518065252341330051e-04
1.654900000000000000e+04 3.818442346528172493e-04 1.764738262863829732e-04 4.518065252341330051e-04 3.320617834106087685e-04 1.764738262863829732e-04 4.518065252341330051e-04
1.655000000000000000e+04 3.818442346528172493e-04 1.764738262863829732e-04 4.518065252341330051e-04 3.320617834106087685e-04 1.764738262863829732e-04 4.518065252341330051e-04
1.655100000000000000e+04 3.818442346528172493e-04 1.764738262863829732e-04 4.518065252341330051e-04 3.320617834106087685e-04 1.764738262863829732e-04 4.518065252341330051e-04
1.655200000000000000e+04 3.818442346528172493e-04 1.764738262863829732e-04 4.518065252341330051e-04 3.320617834106087685e-04 1.764738262863829732e-04 4.518065252341330051e-04
1.655300000000000000e+04 3.818442346528172493e-04 1.764738262863829732e-04 4.518065252341330051e-04 3.320617834106087685e-04 1.764738262863829732e-04 4.518065252341330051e-04
1.655400000000000000e+04 3.818442346528172493e-04 1.764738262863829732e-04 4.518065252341330051e-04 3.320617834106087685e-04 1.764738262863829732e-04 4.518065252341330051e-04
1.655500000000000000e+04 3.818442346528172493e-04 1.764738262863829732e-04 4.518065252341330051e-04 3.320617834106087685e-04 1.764738262863829732e-04 4.518065252341330051e-04
1.655600000000000000e+04 3.818442346528172493e-04 1.764738262863829732e-04 4.518065252341330051e-04 3.320617834106087685e-04 1.764738262863829732e-04 4.518065252341330051e-04
1.655700000000000000e+04 3.818442346528172493e-04 1.764738262863829732e-04 4.518065252341330051e-04 3.320617834106087685e-04 1.764738262863829732e-04 4.518065252341330051e-04
1.655800000000000000e+04 3.818442346528172493e-04 1.764738262863829732e-04 4.518065252341330051e-04 3.320617834106087685e-04 1.764738262863829732e-04 4.518065252341330051e-04
1.655900000000000000e+04 3.818442346528172493e-04 1.764738262863829732e-04 4.518065252341330051e-04 3.320617834106087685e-04 1.764738262863829732e-04 4.518065252341330051e-04
1.656000000000000000e+04 3.818442346528172493e-04 1.764738262863829732e-04 4.518065252341330051e-04 3.320617834106087685e-04 1.764738262863829732e-04 4.518065252341330051e-04
1.656100000000000000e+04 3.818442346528172493e-04 1.764738262863829732e-04 4.518065252341330051e-04 3.320617834106087685e-04 1.764738262863829732e-04 4.518065252341330051e-04
1.656200000000000000e+04 3.818442346528172493e-04 1.764738262863829732e-04 4.518065252341330051e-04 3.320617834106087685e-04 1.764738262863829732e-04 4.518065252341330051e-04
1.656300000000000000e+04 3.818442346528172493e-04 1.764738262863829732e-04 4.518065252341330051e-04 3.320617834106087685e-04 1.764738262863829732e-04 4.518065252341330051e-04
1.656400000000000000e+04 3.818442346528172493e-04 1.764738262863829732e-04 4.518065252341330051e-04 3.320617834106087685e-04 1.764738262863829732e-04 4.518065252341330051e-04
1.656500000000000000e+04 3.818442346528172493e-04 1.764738262863829732e-04 4.518065252341330051e-04 3.320617834106087685e-04 1.764738262863829732e-04 4.518065252341330051e-04
1.656600000000000000e+04 3.818442346528172493e-04 1.764738262863829732e-04 4.518065252341330051e-04 3.320617834106087685e-04 1.764738262863829732e-04 4.518065252341330051e-04
1.656700000000000000e+04 3.818442346528172493e-04 1.764738262863829732e-04 4.518065252341330051e-04 3.320617834106087685e-04 1.764738262863829732e-04 4.518065252341330051e-04
1.656800000000000000e+04 3.818442346528172493e-04 1.764738262863829732e-04 4.518065252341330051e-04 3.320617834106087685e-04 1.764738262863829732e-04 4.518065252341330051e-04
1.656900000000000000e+04 3.818442346528172493e-04 1.764738262863829732e-04 4.518065252341330051e-04 3.320617834106087685e-04 1.764738262863829732e-04 4.518065252341330051e-04
1.657000000000000000e+04 3.818442346528172493e-04 1.764738262863829732e-04 4.518065252341330051e-04 3.320617834106087685e-04 1.764738262863829732e-04 4.518065252341330051e-04
1.657100000000000000e+04 3.818442346528172493e-04 1.764738262863829732e-04 4.518065252341330051e-04 3.320617834106087685e-04 1.764738262863829732e-04 4.518065252341330051e-04
1.657200000000000000e+04 3.818442346528172493e-04 1.764738262863829732e-04 4.518065252341330051e-04 3.320617834106087685e-04 1.764738262863829732e-04 4.518065252341330051e-04
1.657300000000000000e+04 3.818442346528172493e-04 1.764738262863829732e-04 4.518065252341330051e-04 3.320617834106087685e-04 1.764738262863829732e-04 4.518065252341330051e-04
1.657400000000000000e+04 3.818442346528172493e-04 1.764738262863829732e-04 4.518065252341330051e-04 3.320617834106087685e-04 1.764738262863829732e-04 4.518065252341330051e-04
1.657500000000000000e+04 3.818442346528172493e-04 1.764738262863829732e-04 4.518065252341330051e-04 3.320617834106087685e-04 1.764738262863829732e-04 4.518065252341330051e-04
1.657600000000000000e+04 3.818442346528172493e-04 1.764738262863829732e-04 4.518065252341330051e-04 3.320617834106087685e-04 1.764738262863829732e-04 4.518065252341330051e-04
1.657700000000000000e+04 3.818442346528172493e-04 1.764738262863829732e-04 4.518065252341330051e-04 3.320617834106087685e-04 1.764738262863829732e-04 4.518065252341330051e-04
1.657800000000000000e+04 3.818442346528172493e-04 1.764738262863829732e-04 4.518065252341330051e-04 3.320617834106087685e-04 1.764738262863829732e-04 4.518065252341330051e-04
1.657900000000000000e+04 3.818442346528172493e-04 1.764738262863829732e-04 4.518065252341330051e-04 3.320617834106087685e-04 1.764738262863829732e-04 4.518065252341330051e-04
1.658000000000000000e+04 3.818442346528172493e-04 1.764738262863829732e-04 4.518065252341330051e-04 3.320617834106087685e-04 1.764738262863829732e-04 4.518065252341330051e-04
1.658100000000000000e+04 3.818442346528172493e-04 1.764738262863829732e-04 4.518065252341330051e-04 3.320617834106087685e-04 1.764738262863829732e-04 4.518065252341330051e-04
1.658200000000000000e+04 3.818442346528172493e-04 1.764738262863829732e-04 4.518065252341330051e-04 3.320617834106087685e-04 1.764738262863829732e-04 4.518065252341330051e-04
1.658300000000000000e+04 3.818442346528172493e-04 1.764738262863829732e-04 4.518065252341330051e-04 3.320617834106087685e-04 1.764738262863829732e-04 4.518065252341330051e-04
1.658400000000000000e+04 3.818442346528172493e-04 1.764738262863829732e-04 4.518065252341330051e-04 3.320617834106087685e-04 1.764738262863829732e-04 4.518065252341330051e-04
1.658500000000000000e+04 3.818442346528172493e-04 1.764738262863829732e-04 4.518065252341330051e-04 3.320617834106087685e-04 1.764738262863829732e-04 4.518065252341330051e-04
1.658600000000000000e+04 3.818442346528172493e-04 1.764738262863829732e-04 4.518065252341330051e-04 3.320617834106087685e-04 1.764738262863829732e-04 4.518065252341330051e-04
1.658700000000000000e+04 3.818442346528172493e-04 1.764738262863829732e-04 4.518065252341330051e-04 3.320617834106087685e-04 1.764738262863829732e-04 4.518065252341330051e-04
1.658800000000000000e+04 3.818442346528172493e-04 1.764738262863829732e-04 4.518065252341330051e-04 3.320617834106087685e-04 1.764738262863829732e-04 4.518065252341330051e-04
1.658900000000000000e+04 3.818442346528172493e-04 1.764738262863829732e-04 4.518065252341330051e-04 3.320617834106087685e-04 1.764738262863829732e-04 4.518065252341330051e-04
1.659000000000000000e+04 3.818442346528172493e-04 1.764738262863829732e-04 4.518065252341330051e-04 3.320617834106087685e-04 1.764738262863829732e-04 4.518065252341330051e-04
1.659100000000000000e+04 3.818442346528172493e-04 1.764738262863829732e-04 4.518065252341330051e-04 3.320617834106087685e-04 1.764738262863829732e-04 4.518065252341330051e-04
1.659200000000000000e+04 3.818442346528172493e-04 1.764738262863829732e-04 4.518065252341330051e-04 3.320617834106087685e-04 1.764738262863829732e-04 4.518065252341330051e-04
1.659300000000000000e+04 3.818442346528172493e-04 1.764738262863829732e-04 4.518065252341330051e-04 3.320617834106087685e-04 1.764738262863829732e-04 4.518065252341330051e-04
1.659400000000000000e+04 3.818442346528172493e-04 1.764738262863829732e-04 4.518065252341330051e-04 3.320617834106087685e-04 1.764738262863829732e-04 4.518065252341330051e-04
1.659500000000000000e+04 3.818442346528172493e-04 1.764738262863829732e-04 4.518065252341330051e-04 3.320617834106087685e-04 1.764738262863829732e-04 4.518065252341330051e-04
1.659600000000000000e+04 3.818442346528172493e-04 1.764738262863829732e-04 4.518065252341330051e-04 3.320617834106087685e-04 1.764738262863829732e-04 4.518065252341330051e-04
1.659700000000000000e+04 3.818442346528172493e-04 1.764738262863829732e-04 4.518065252341330051e-04 3.320617834106087685e-04 1.764738262863829732e-04 4.518065252341330051e-04
1.659800000000000000e+04 3.818442346528172493e-04 1.764738262863829732e-04 4.518065252341330051e-04 3.320617834106087685e-04 1.764738262863829732e-04 4.518065252341330051e-04
1.659900000000000000e+04 3.818442346528172493e-04 1.764738262863829732e-04 4.518065252341330051e-04 3.320617834106087685e-04 1.764738262863829732e-04 4.518065252341330051e-04
1.660000000000000000e+04 3.818442346528172493e-04 1.764738262863829732e-04 4.518065252341330051e-04 3.320617834106087685e-04 1.764738262863829732e-04 4.518065252341330051e-04
1.660100000000000000e+04 3.818442346528172493e-04 1.764738262863829732e-04 4.518065252341330051e-04 3.320617834106087685e-04 1.764738262863829732e-04 4.518065252341330051e-04
1.660200000000000000e+04 3.818442346528172493e-04 1.764738262863829732e-04 4.518065252341330051e-04 3.320617834106087685e-04 1.764738262863829732e-04 4.518065252341330051e-04
1.660300000000000000e+04 3.818442346528172493e-04 1.764738262863829732e-04 4.518065252341330051e-04 3.320617834106087685e-04 1.764738262863829732e-04 4.518065252341330051e-04
1.660400000000000000e+04 3.818442346528172493e-04 1.764738262863829732e-04 4.518065252341330051e-04 3.320617834106087685e-04 1.764738262863829732e-04 4.518065252341330051e-04
1.660500000000000000e+04 3.818442346528172493e-04 1.764738262863829732e-04 4.518065252341330051e-04 3.320617834106087685e-04 1.764738262863829732e-04 4.518065252341330051e-04
1.660600000000000000e+04 3.818442346528172493e-04 1.764738262863829732e-04 4.518065252341330051e-04 3.320617834106087685e-04 1.764738262863829732e-04 4.518065252341330051e-04
1.660700000000000000e+04 3.818442346528172493e-04 1.764738262863829732e-04 4.518065252341330051e-04 3.320617834106087685e-04 1.764738262863829732e-04 4.518065252341330051e-04
1.660800000000000000e+04 3.818442346528172493e-04 1.764738262863829732e-04 4.518065252341330051e-04 3.320617834106087685e-04 1.764738262863829732e-04 4.518065252341330051e-04
1.660900000000000000e+04 3.818442346528172493e-04 1.764738262863829732e-04 4.518065252341330051e-04 3.320617834106087685e-04 1.764738262863829732e-04 4.518065252341330051e-04
1.661000000000000000e+04 3.818442346528172493e-04 1.764738262863829732e-04 4.518065252341330051e-04 3.320617834106087685e-04 1.764738262863829732e-04 4.518065252341330051e-04
1.661100000000000000e+04 3.818442346528172493e-04 1.764738262863829732e-04 4.518065252341330051e-04 3.320617834106087685e-04 1.764738262863829732e-04 4.518065252341330051e-04
1.661200000000000000e+04 3.818442346528172493e-04 1.764738262863829732e-04 4.518065252341330051e-04 3.320617834106087685e-04 1.764738262863829732e-04 4.518065252341330051e-04
1.661300000000000000e+04 3.818442346528172493e-04 1.764738262863829732e-04 4.518065252341330051e-04 3.320617834106087685e-04 1.764738262863829732e-04 4.518065252341330051e-04
1.661400000000000000e+04 3.818442346528172493e-04 1.764738262863829732e-04 4.518065252341330051e-04 3.320617834106087685e-04 1.764738262863829732e-04 4.518065252341330051e-04
1.661500000000000000e+04 3.818442346528172493e-04 1.764738262863829732e-04 4.518065252341330051e-04 3.320617834106087685e-04 1.764738262863829732e-04 4.518065252341330051e-04
1.661600000000000000e+04 3.818442346528172493e-04 1.764738262863829732e-04 4.518065252341330051e-04 3.320617834106087685e-04 1.764738262863829732e-04 4.518065252341330051e-04
1.661700000000000000e+04 3.818442346528172493e-04 1.764738262863829732e-04 4.518065252341330051e-04 3.320617834106087685e-04 1.764738262863829732e-04 4.518065252341330051e-04
1.661800000000000000e+04 3.818442346528172493e-04 1.764738262863829732e-04 4.518065252341330051e-04 3.320617834106087685e-04 1.764738262863829732e-04 4.518065252341330051e-04
1.661900000000000000e+04 3.818442346528172493e-04 1.764738262863829732e-04 4.518065252341330051e-04 3.320617834106087685e-04 1.764738262863829732e-04 4.518065252341330051e-04
1.662000000000000000e+04 3.818442346528172493e-04 1.764738262863829732e-04 4.518065252341330051e-04 3.320617834106087685e-04 1.764738262863829732e-04 4.518065252341330051e-04
1.662100000000000000e+04 3.818442346528172493e-04 1.764738262863829732e-04 4.518065252341330051e-04 3.320617834106087685e-04 1.764738262863829732e-04 4.518065252341330051e-04
1.662200000000000000e+04 3.818442346528172493e-04 1.764738262863829732e-04 4.518065252341330051e-04 3.320617834106087685e-04 1.764738262863829732e-04 4.518065252341330051e-04
1.662300000000000000e+04 3.818442346528172493e-04 1.764738262863829732e-04 4.518065252341330051e-04 3.320617834106087685e-04 1.764738262863829732e-04 4.518065252341330051e-04
1.662400000000000000e+04 3.818442346528172493e-04 1.764738262863829732e-04 4.518065252341330051e-04 3.320617834106087685e-04 1.764738262863829732e-04 4.518065252341330051e-04
1.662500000000000000e+04 3.818442346528172493e-04 1.764738262863829732e-04 4.518065252341330051e-04 3.320617834106087685e-04 1.764738262863829732e-04 4.518065252341330051e-04
1.662600000000000000e+04 3.818442346528172493e-04 1.764738262863829732e-04 4.518065252341330051e-04 3.320617834106087685e-04 1.764738262863829732e-04 4.518065252341330051e-04
1.662700000000000000e+04 3.818442346528172493e-04 1.764738262863829732e-04 4.518065252341330051e-04 3.320617834106087685e-04 1.764738262863829732e-04 4.518065252341330051e-04
1.662800000000000000e+04 3.818442346528172493e-04 1.764738262863829732e-04 4.518065252341330051e-04 3.320617834106087685e-04 1.764738262863829732e-04 4.518065252341330051e-04
1.662900000000000000e+04 3.818442346528172493e-04 1.764738262863829732e-04 4.518065252341330051e-04 3.320617834106087685e-04 1.764738262863829732e-04 4.518065252341330051e-04
1.663000000000000000e+04 3.818442346528172493e-04 1.764738262863829732e-04 4.518065252341330051e-04 3.320617834106087685e-04 1.764738262863829732e-04 4.518065252341330051e-04
1.663100000000000000e+04 3.818442346528172493e-04 1.764738262863829732e-04 4.518065252341330051e-04 3.320617834106087685e-04 1.764738262863829732e-04 4.518065252341330051e-04
1.663200000000000000e+04 3.818442346528172493e-04 1.764738262863829732e-04 4.518065252341330051e-04 3.320617834106087685e-04 1.764738262863829732e-04 4.518065252341330051e-04
1.663300000000000000e+04 3.818442346528172493e-04 1.764738262863829732e-04 4.518065252341330051e-04 3.320617834106087685e-04 1.764738262863829732e-04 4.518065252341330051e-04
1.663400000000000000e+04 3.818442346528172493e-04 1.764738262863829732e-04 4.518065252341330051e-04 3.320617834106087685e-04 1.764738262863829732e-04 4.518065252341330051e-04
1.663500000000000000e+04 3.818442346528172493e-04 1.764738262863829732e-04 4.518065252341330051e-04 3.320617834106087685e-04 1.764738262863829732e-04 4.518065252341330051e-04
1.663600000000000000e+04 3.818442346528172493e-04 1.764738262863829732e-04 4.518065252341330051e-04 3.320617834106087685e-04 1.764738262863829732e-04 4.518065252341330051e-04
1.663700000000000000e+04 3.818442346528172493e-04 1.764738262863829732e-04 4.518065252341330051e-04 3.320617834106087685e-04 1.764738262863829732e-04 4.518065252341330051e-04
1.663800000000000000e+04 3.818442346528172493e-04 1.764738262863829732e-04 4.518065252341330051e-04 3.320617834106087685e-04 1.764738262863829732e-04 4.518065252341330051e-04
1.663900000000000000e+04 3.818442346528172493e-04 1.764738262863829732e-04 4.518065252341330051e-04 3.320617834106087685e-04 1.764738262863829732e-04 4.518065252341330051e-04
1.664000000000000000e+04 3.818442346528172493e-04 1.764738262863829732e-04 4.518065252341330051e-04 3.320617834106087685e-04 1.764738262863829732e-04 4.518065252341330051e-04
1.664100000000000000e+04 3.818442346528172493e-04 1.764738262863829732e-04 4.518065252341330051e-04 3.320617834106087685e-04 1.764738262863829732e-04 4.518065252341330051e-04
1.664200000000000000e+04 3.818442346528172493e-04 1.764738262863829732e-04 4.518065252341330051e-04 3.320617834106087685e-04 1.764738262863829732e-04 4.518065252341330051e-04
1.664300000000000000e+04 3.818442346528172493e-04 1.764738262863829732e-04 4.518065252341330051e-04 3.320617834106087685e-04 1.764738262863829732e-04 4.518065252341330051e-04
1.664400000000000000e+04 3.818442346528172493e-04 1.764738262863829732e-04 4.518065252341330051e-04 3.320617834106087685e-04 1.764738262863829732e-04 4.518065252341330051e-04
1.664500000000000000e+04 3.818442346528172493e-04 1.764738262863829732e-04 4.518065252341330051e-04 3.320617834106087685e-04 1.764738262863829732e-04 4.518065252341330051e-04
1.664600000000000000e+04 3.818442346528172493e-04 1.764738262863829732e-04 4.518065252341330051e-04 3.320617834106087685e-04 1.764738262863829732e-04 4.518065252341330051e-04
1.664700000000000000e+04 3.818442346528172493e-04 1.764738262863829732e-04 4.518065252341330051e-04 3.320617834106087685e-04 1.764738262863829732e-04 4.518065252341330051e-04
1.664800000000000000e+04 3.818442346528172493e-04 1.764738262863829732e-04 4.518065252341330051e-04 3.320617834106087685e-04 1.764738262863829732e-04 4.518065252341330051e-04
1.664900000000000000e+04 3.818442346528172493e-04 1.764738262863829732e-04 4.518065252341330051e-04 3.320617834106087685e-04 1.764738262863829732e-04 4.518065252341330051e-04
1.665000000000000000e+04 3.818442346528172493e-04 1.764738262863829732e-04 4.518065252341330051e-04 3.320617834106087685e-04 1.764738262863829732e-04 4.518065252341330051e-04
1.665100000000000000e+04 3.818442346528172493e-04 1.764738262863829732e-04 4.518065252341330051e-04 3.320617834106087685e-04 1.764738262863829732e-04 4.518065252341330051e-04
1.665200000000000000e+04 3.818442346528172493e-04 1.764738262863829732e-04 4.518065252341330051e-04 3.320617834106087685e-04 1.764738262863829732e-04 4.518065252341330051e-04
1.665300000000000000e+04 3.818442346528172493e-04 1.764738262863829732e-04 4.518065252341330051e-04 3.320617834106087685e-04 1.764738262863829732e-04 4.518065252341330051e-04
1.665400000000000000e+04 3.818442346528172493e-04 1.764738262863829732e-04 4.518065252341330051e-04 3.320617834106087685e-04 1.764738262863829732e-04 4.518065252341330051e-04
1.665500000000000000e+04 3.818442346528172493e-04 1.764738262863829732e-04 4.518065252341330051e-04 3.320617834106087685e-04 1.764738262863829732e-04 4.518065252341330051e-04
1.665600000000000000e+04 3.818442346528172493e-04 1.764738262863829732e-04 4.518065252341330051e-04 3.320617834106087685e-04 1.764738262863829732e-04 4.518065252341330051e-04
1.665700000000000000e+04 3.818442346528172493e-04 1.764738262863829732e-04 4.518065252341330051e-04 3.320617834106087685e-04 1.764738262863829732e-04 4.518065252341330051e-04
1.665800000000000000e+04 3.818442346528172493e-04 1.764738262863829732e-04 4.518065252341330051e-04 3.320617834106087685e-04 1.764738262863829732e-04 4.518065252341330051e-04
1.665900000000000000e+04 3.818442346528172493e-04 1.764738262863829732e-04 4.518065252341330051e-04 3.320617834106087685e-04 1.764738262863829732e-04 4.518065252341330051e-04
1.666000000000000000e+04 3.818442346528172493e-04 1.764738262863829732e-04 4.518065252341330051e-04 3.320617834106087685e-04 1.764738262863829732e-04 4.518065252341330051e-04
1.666100000000000000e+04 3.818442346528172493e-04 1.764738262863829732e-04 4.518065252341330051e-04 3.320617834106087685e-04 1.764738262863829732e-04 4.518065252341330051e-04
1.666200000000000000e+04 3.818442346528172493e-04 1.764738262863829732e-04 4.518065252341330051e-04 3.320617834106087685e-04 1.764738262863829732e-04 4.518065252341330051e-04
1.666300000000000000e+04 3.818442346528172493e-04 1.764738262863829732e-04 4.518065252341330051e-04 3.320617834106087685e-04 1.764738262863829732e-04 4.518065252341330051e-04
1.666400000000000000e+04 3.818442346528172493e-04 1.764738262863829732e-04 4.518065252341330051e-04 3.320617834106087685e-04 1.764738262863829732e-04 4.518065252341330051e-04
1.666500000000000000e+04 3.818442346528172493e-04 1.764738262863829732e-04 4.518065252341330051e-04 3.320617834106087685e-04 1.764738262863829732e-04 4.518065252341330051e-04
1.666600000000000000e+04 3.818442346528172493e-04 1.764738262863829732e-04 4.518065252341330051e-04 3.320617834106087685e-04 1.764738262863829732e-04 4.518065252341330051e-04
1.666700000000000000e+04 3.818442346528172493e-04 1.764738262863829732e-04 4.518065252341330051e-04 3.320617834106087685e-04 1.764738262863829732e-04 4.518065252341330051e-04
1.666800000000000000e+04 3.818442346528172493e-04 1.764738262863829732e-04 4.518065252341330051e-04 3.320617834106087685e-04 1.764738262863829732e-04 4.518065252341330051e-04
1.666900000000000000e+04 3.818442346528172493e-04 1.764738262863829732e-04 4.518065252341330051e-04 3.320617834106087685e-04 1.764738262863829732e-04 4.518065252341330051e-04
1.667000000000000000e+04 3.818442346528172493e-04 1.764738262863829732e-04 4.518065252341330051e-04 3.320617834106087685e-04 1.764738262863829732e-04 4.518065252341330051e-04
1.667100000000000000e+04 3.818442346528172493e-04 1.764738262863829732e-04 4.518065252341330051e-04 3.320617834106087685e-04 1.764738262863829732e-04 4.518065252341330051e-04
1.667200000000000000e+04 3.818442346528172493e-04 1.764738262863829732e-04 4.518065252341330051e-04 3.320617834106087685e-04 1.764738262863829732e-04 4.518065252341330051e-04
1.667300000000000000e+04 3.818442346528172493e-04 1.764738262863829732e-04 4.518065252341330051e-04 3.320617834106087685e-04 1.764738262863829732e-04 4.518065252341330051e-04
1.667400000000000000e+04 3.818442346528172493e-04 1.764738262863829732e-04 4.518065252341330051e-04 3.320617834106087685e-04 1.764738262863829732e-04 4.518065252341330051e-04
1.667500000000000000e+04 3.818442346528172493e-04 1.764738262863829732e-04 4.518065252341330051e-04 3.320617834106087685e-04 1.764738262863829732e-04 4.518065252341330051e-04
1.667600000000000000e+04 3.818442346528172493e-04 1.764738262863829732e-04 4.518065252341330051e-04 3.320617834106087685e-04 1.764738262863829732e-04 4.518065252341330051e-04
1.667700000000000000e+04 3.818442346528172493e-04 1.764738262863829732e-04 4.518065252341330051e-04 3.320617834106087685e-04 1.764738262863829732e-04 4.518065252341330051e-04
1.667800000000000000e+04 3.818442346528172493e-04 1.764738262863829732e-04 4.518065252341330051e-04 3.320617834106087685e-04 1.764738262863829732e-04 4.518065252341330051e-04
1.667900000000000000e+04 3.818442346528172493e-04 1.764738262863829732e-04 4.518065252341330051e-04 3.320617834106087685e-04 1.764738262863829732e-04 4.518065252341330051e-04
1.668000000000000000e+04 3.818442346528172493e-04 1.764738262863829732e-04 4.518065252341330051e-04 3.320617834106087685e-04 1.764738262863829732e-04 4.518065252341330051e-04
1.668100000000000000e+04 3.818442346528172493e-04 1.764738262863829732e-04 4.518065252341330051e-04 3.320617834106087685e-04 1.764738262863829732e-04 4.518065252341330051e-04
1.668200000000000000e+04 3.818442346528172493e-04 1.764738262863829732e-04 4.518065252341330051e-04 3.320617834106087685e-04 1.764738262863829732e-04 4.518065252341330051e-04
1.668300000000000000e+04 3.818442346528172493e-04 1.764738262863829732e-04 4.518065252341330051e-04 3.320617834106087685e-04 1.764738262863829732e-04 4.518065252341330051e-04
1.668400000000000000e+04 3.818442346528172493e-04 1.764738262863829732e-04 4.518065252341330051e-04 3.320617834106087685e-04 1.764738262863829732e-04 4.518065252341330051e-04
1.668500000000000000e+04 3.818442346528172493e-04 1.764738262863829732e-04 4.518065252341330051e-04 3.320617834106087685e-04 1.764738262863829732e-04 4.518065252341330051e-04
1.668600000000000000e+04 3.818442346528172493e-04 1.764738262863829732e-04 4.518065252341330051e-04 3.320617834106087685e-04 1.764738262863829732e-04 4.518065252341330051e-04
1.668700000000000000e+04 3.818442346528172493e-04 1.764738262863829732e-04 4.518065252341330051e-04 3.320617834106087685e-04 1.764738262863829732e-04 4.518065252341330051e-04
1.668800000000000000e+04 3.818442346528172493e-04 1.764738262863829732e-04 4.518065252341330051e-04 3.320617834106087685e-04 1.764738262863829732e-04 4.518065252341330051e-04
1.668900000000000000e+04 3.818442346528172493e-04 1.764738262863829732e-04 4.518065252341330051e-04 3.320617834106087685e-04 1.764738262863829732e-04 4.518065252341330051e-04
1.669000000000000000e+04 3.818442346528172493e-04 1.764738262863829732e-04 4.518065252341330051e-04 3.320617834106087685e-04 1.764738262863829732e-04 4.518065252341330051e-04
1.669100000000000000e+04 3.818442346528172493e-04 1.764738262863829732e-04 4.518065252341330051e-04 3.320617834106087685e-04 1.764738262863829732e-04 4.518065252341330051e-04
1.669200000000000000e+04 3.818442346528172493e-04 1.764738262863829732e-04 4.518065252341330051e-04 3.320617834106087685e-04 1.764738262863829732e-04 4.518065252341330051e-04
1.669300000000000000e+04 3.818442346528172493e-04 1.764738262863829732e-04 4.518065252341330051e-04 3.320617834106087685e-04 1.764738262863829732e-04 4.518065252341330051e-04
1.669400000000000000e+04 3.818442346528172493e-04 1.764738262863829732e-04 4.518065252341330051e-04 3.320617834106087685e-04 1.764738262863829732e-04 4.518065252341330051e-04
1.669500000000000000e+04 3.818442346528172493e-04 1.764738262863829732e-04 4.518065252341330051e-04 3.320617834106087685e-04 1.764738262863829732e-04 4.518065252341330051e-04
1.669600000000000000e+04 3.818442346528172493e-04 1.764738262863829732e-04 4.518065252341330051e-04 3.320617834106087685e-04 1.764738262863829732e-04 4.518065252341330051e-04
1.669700000000000000e+04 3.818442346528172493e-04 1.764738262863829732e-04 4.518065252341330051e-04 3.320617834106087685e-04 1.764738262863829732e-04 4.518065252341330051e-04
1.669800000000000000e+04 3.818442346528172493e-04 1.764738262863829732e-04 4.518065252341330051e-04 3.320617834106087685e-04 1.764738262863829732e-04 4.518065252341330051e-04
1.669900000000000000e+04 3.818442346528172493e-04 1.764738262863829732e-04 4.518065252341330051e-04 3.320617834106087685e-04 1.764738262863829732e-04 4.518065252341330051e-04
1.670000000000000000e+04 3.818442346528172493e-04 1.764738262863829732e-04 4.518065252341330051e-04 3.320617834106087685e-04 1.764738262863829732e-04 4.518065252341330051e-04
1.670100000000000000e+04 3.818442346528172493e-04 1.764738262863829732e-04 4.518065252341330051e-04 3.320617834106087685e-04 1.764738262863829732e-04 4.518065252341330051e-04
1.670200000000000000e+04 3.818442346528172493e-04 1.764738262863829732e-04 4.518065252341330051e-04 3.320617834106087685e-04 1.764738262863829732e-04 4.518065252341330051e-04
1.670300000000000000e+04 3.818442346528172493e-04 1.764738262863829732e-04 4.518065252341330051e-04 3.320617834106087685e-04 1.764738262863829732e-04 4.518065252341330051e-04
1.670400000000000000e+04 3.818442346528172493e-04 1.764738262863829732e-04 4.518065252341330051e-04 3.320617834106087685e-04 1.764738262863829732e-04 4.518065252341330051e-04
1.670500000000000000e+04 3.818442346528172493e-04 1.764738262863829732e-04 4.518065252341330051e-04 3.320617834106087685e-04 1.764738262863829732e-04 4.518065252341330051e-04
1.670600000000000000e+04 3.818442346528172493e-04 1.764738262863829732e-04 4.518065252341330051e-04 3.320617834106087685e-04 1.764738262863829732e-04 4.518065252341330051e-04
1.670700000000000000e+04 3.818442346528172493e-04 1.764738262863829732e-04 4.518065252341330051e-04 3.320617834106087685e-04 1.764738262863829732e-04 4.518065252341330051e-04
1.670800000000000000e+04 3.818442346528172493e-04 1.764738262863829732e-04 4.518065252341330051e-04 3.320617834106087685e-04 1.764738262863829732e-04 4.518065252341330051e-04
1.670900000000000000e+04 3.818442346528172493e-04 1.764738262863829732e-04 4.518065252341330051e-04 3.320617834106087685e-04 1.764738262863829732e-04 4.518065252341330051e-04
1.671000000000000000e+04 3.818442346528172493e-04 1.764738262863829732e-04 4.518065252341330051e-04 3.320617834106087685e-04 1.764738262863829732e-04 4.518065252341330051e-04
1.671100000000000000e+04 3.818442346528172493e-04 1.764738262863829732e-04 4.518065252341330051e-04 3.320617834106087685e-04 1.764738262863829732e-04 4.518065252341330051e-04
1.671200000000000000e+04 3.818442346528172493e-04 1.764738262863829732e-04 4.518065252341330051e-04 3.320617834106087685e-04 1.764738262863829732e-04 4.518065252341330051e-04
1.671300000000000000e+04 3.818442346528172493e-04 1.764738262863829732e-04 4.518065252341330051e-04 3.320617834106087685e-04 1.764738262863829732e-04 4.518065252341330051e-04
1.671400000000000000e+04 3.818442346528172493e-04 1.764738262863829732e-04 4.518065252341330051e-04 3.320617834106087685e-04 1.764738262863829732e-04 4.518065252341330051e-04
1.671500000000000000e+04 3.818442346528172493e-04 1.764738262863829732e-04 4.518065252341330051e-04 3.320617834106087685e-04 1.764738262863829732e-04 4.518065252341330051e-04
1.671600000000000000e+04 3.818442346528172493e-04 1.764738262863829732e-04 4.518065252341330051e-04 3.320617834106087685e-04 1.764738262863829732e-04 4.518065252341330051e-04
1.671700000000000000e+04 3.818442346528172493e-04 1.764738262863829732e-04 4.518065252341330051e-04 3.320617834106087685e-04 1.764738262863829732e-04 4.518065252341330051e-04
1.671800000000000000e+04 3.818442346528172493e-04 1.764738262863829732e-04 4.518065252341330051e-04 3.320617834106087685e-04 1.764738262863829732e-04 4.518065252341330051e-04
1.671900000000000000e+04 3.818442346528172493e-04 1.764738262863829732e-04 4.518065252341330051e-04 3.320617834106087685e-04 1.764738262863829732e-04 4.518065252341330051e-04
1.672000000000000000e+04 3.818442346528172493e-04 1.764738262863829732e-04 4.518065252341330051e-04 3.320617834106087685e-04 1.764738262863829732e-04 4.518065252341330051e-04
1.672100000000000000e+04 3.818442346528172493e-04 1.764738262863829732e-04 4.518065252341330051e-04 3.320617834106087685e-04 1.764738262863829732e-04 4.518065252341330051e-04
1.672200000000000000e+04 3.818442346528172493e-04 1.764738262863829732e-04 4.518065252341330051e-04 3.320617834106087685e-04 1.764738262863829732e-04 4.518065252341330051e-04
1.672300000000000000e+04 3.818442346528172493e-04 1.764738262863829732e-04 4.518065252341330051e-04 3.320617834106087685e-04 1.764738262863829732e-04 4.518065252341330051e-04
1.672400000000000000e+04 3.818442346528172493e-04 1.764738262863829732e-04 4.518065252341330051e-04 3.320617834106087685e-04 1.764738262863829732e-04 4.518065252341330051e-04
1.672500000000000000e+04 3.818442346528172493e-04 1.764738262863829732e-04 4.518065252341330051e-04 3.320617834106087685e-04 1.764738262863829732e-04 4.518065252341330051e-04
1.672600000000000000e+04 3.818442346528172493e-04 1.764738262863829732e-04 4.518065252341330051e-04 3.320617834106087685e-04 1.764738262863829732e-04 4.518065252341330051e-04
1.672700000000000000e+04 3.818442346528172493e-04 1.764738262863829732e-04 4.518065252341330051e-04 3.320617834106087685e-04 1.764738262863829732e-04 4.518065252341330051e-04
1.672800000000000000e+04 3.818442346528172493e-04 1.764738262863829732e-04 4.518065252341330051e-04 3.320617834106087685e-04 1.764738262863829732e-04 4.518065252341330051e-04
1.672900000000000000e+04 3.818442346528172493e-04 1.764738262863829732e-04 4.518065252341330051e-04 3.320617834106087685e-04 1.764738262863829732e-04 4.518065252341330051e-04
1.673000000000000000e+04 3.818442346528172493e-04 1.764738262863829732e-04 4.518065252341330051e-04 3.320617834106087685e-04 1.764738262863829732e-04 4.518065252341330051e-04
1.673100000000000000e+04 3.818442346528172493e-04 1.764738262863829732e-04 4.518065252341330051e-04 3.320617834106087685e-04 1.764738262863829732e-04 4.518065252341330051e-04
1.673200000000000000e+04 3.818442346528172493e-04 1.764738262863829732e-04 4.518065252341330051e-04 3.320617834106087685e-04 1.764738262863829732e-04 4.518065252341330051e-04
1.673300000000000000e+04 3.818442346528172493e-04 1.764738262863829732e-04 4.518065252341330051e-04 3.320617834106087685e-04 1.764738262863829732e-04 4.518065252341330051e-04
1.673400000000000000e+04 3.818442346528172493e-04 1.764738262863829732e-04 4.518065252341330051e-04 3.320617834106087685e-04 1.764738262863829732e-04 4.518065252341330051e-04
1.673500000000000000e+04 3.818442346528172493e-04 1.764738262863829732e-04 4.518065252341330051e-04 3.320617834106087685e-04 1.764738262863829732e-04 4.518065252341330051e-04
1.673600000000000000e+04 3.818442346528172493e-04 1.764738262863829732e-04 4.518065252341330051e-04 3.320617834106087685e-04 1.764738262863829732e-04 4.518065252341330051e-04
1.673700000000000000e+04 3.818442346528172493e-04 1.764738262863829732e-04 4.518065252341330051e-04 3.320617834106087685e-04 1.764738262863829732e-04 4.518065252341330051e-04
1.673800000000000000e+04 3.818442346528172493e-04 1.764738262863829732e-04 4.518065252341330051e-04 3.320617834106087685e-04 1.764738262863829732e-04 4.518065252341330051e-04
1.673900000000000000e+04 3.818442346528172493e-04 1.764738262863829732e-04 4.518065252341330051e-04 3.320617834106087685e-04 1.764738262863829732e-04 4.518065252341330051e-04
1.674000000000000000e+04 3.818442346528172493e-04 1.764738262863829732e-04 4.518065252341330051e-04 3.320617834106087685e-04 1.764738262863829732e-04 4.518065252341330051e-04
1.674100000000000000e+04 3.818442346528172493e-04 1.764738262863829732e-04 4.518065252341330051e-04 3.320617834106087685e-04 1.764738262863829732e-04 4.518065252341330051e-04
1.674200000000000000e+04 3.818442346528172493e-04 1.764738262863829732e-04 4.518065252341330051e-04 3.320617834106087685e-04 1.764738262863829732e-04 4.518065252341330051e-04
1.674300000000000000e+04 3.818442346528172493e-04 1.764738262863829732e-04 4.518065252341330051e-04 3.320617834106087685e-04 1.764738262863829732e-04 4.518065252341330051e-04
1.674400000000000000e+04 3.818442346528172493e-04 1.764738262863829732e-04 4.518065252341330051e-04 3.320617834106087685e-04 1.764738262863829732e-04 4.518065252341330051e-04
1.674500000000000000e+04 3.818442346528172493e-04 1.764738262863829732e-04 4.518065252341330051e-04 3.320617834106087685e-04 1.764738262863829732e-04 4.518065252341330051e-04
1.674600000000000000e+04 3.818442346528172493e-04 1.764738262863829732e-04 4.518065252341330051e-04 3.320617834106087685e-04 1.764738262863829732e-04 4.518065252341330051e-04
1.674700000000000000e+04 3.818442346528172493e-04 1.764738262863829732e-04 4.518065252341330051e-04 3.320617834106087685e-04 1.764738262863829732e-04 4.518065252341330051e-04
1.674800000000000000e+04 3.818442346528172493e-04 1.764738262863829732e-04 4.518065252341330051e-04 3.320617834106087685e-04 1.764738262863829732e-04 4.518065252341330051e-04
1.674900000000000000e+04 3.818442346528172493e-04 1.764738262863829732e-04 4.518065252341330051e-04 3.320617834106087685e-04 1.764738262863829732e-04 4.518065252341330051e-04
1.675000000000000000e+04 3.818442346528172493e-04 1.764738262863829732e-04 4.518065252341330051e-04 3.320617834106087685e-04 1.764738262863829732e-04 4.518065252341330051e-04
1.675100000000000000e+04 3.818442346528172493e-04 1.764738262863829732e-04 4.518065252341330051e-04 3.320617834106087685e-04 1.764738262863829732e-04 4.518065252341330051e-04
1.675200000000000000e+04 3.818442346528172493e-04 1.764738262863829732e-04 4.518065252341330051e-04 3.320617834106087685e-04 1.764738262863829732e-04 4.518065252341330051e-04
1.675300000000000000e+04 3.818442346528172493e-04 1.764738262863829732e-04 4.518065252341330051e-04 3.320617834106087685e-04 1.764738262863829732e-04 4.518065252341330051e-04
1.675400000000000000e+04 3.818442346528172493e-04 1.764738262863829732e-04 4.518065252341330051e-04 3.320617834106087685e-04 1.764738262863829732e-04 4.518065252341330051e-04
1.675500000000000000e+04 3.818442346528172493e-04 1.764738262863829732e-04 4.518065252341330051e-04 3.320617834106087685e-04 1.764738262863829732e-04 4.518065252341330051e-04
1.675600000000000000e+04 3.818442346528172493e-04 1.764738262863829732e-04 4.518065252341330051e-04 3.320617834106087685e-04 1.764738262863829732e-04 4.518065252341330051e-04
1.675700000000000000e+04 3.818442346528172493e-04 1.764738262863829732e-04 4.518065252341330051e-04 3.320617834106087685e-04 1.764738262863829732e-04 4.518065252341330051e-04
1.675800000000000000e+04 3.818442346528172493e-04 1.764738262863829732e-04 4.518065252341330051e-04 3.320617834106087685e-04 1.764738262863829732e-04 4.518065252341330051e-04
1.675900000000000000e+04 3.818442346528172493e-04 1.764738262863829732e-04 4.518065252341330051e-04 3.320617834106087685e-04 1.764738262863829732e-04 4.518065252341330051e-04
1.676000000000000000e+04 3.818442346528172493e-04 1.764738262863829732e-04 4.518065252341330051e-04 3.320617834106087685e-04 1.764738262863829732e-04 4.518065252341330051e-04
1.676100000000000000e+04 3.818442346528172493e-04 1.764738262863829732e-04 4.518065252341330051e-04 3.320617834106087685e-04 1.764738262863829732e-04 4.518065252341330051e-04
1.676200000000000000e+04 3.818442346528172493e-04 1.764738262863829732e-04 4.518065252341330051e-04 3.320617834106087685e-04 1.764738262863829732e-04 4.518065252341330051e-04
1.676300000000000000e+04 3.818442346528172493e-04 1.764738262863829732e-04 4.518065252341330051e-04 3.320617834106087685e-04 1.764738262863829732e-04 4.518065252341330051e-04
1.676400000000000000e+04 3.818442346528172493e-04 1.764738262863829732e-04 4.518065252341330051e-04 3.320617834106087685e-04 1.764738262863829732e-04 4.518065252341330051e-04
1.676500000000000000e+04 3.818442346528172493e-04 1.764738262863829732e-04 4.518065252341330051e-04 3.320617834106087685e-04 1.764738262863829732e-04 4.518065252341330051e-04
1.676600000000000000e+04 3.818442346528172493e-04 1.764738262863829732e-04 4.518065252341330051e-04 3.320617834106087685e-04 1.764738262863829732e-04 4.518065252341330051e-04
1.676700000000000000e+04 3.818442346528172493e-04 1.764738262863829732e-04 4.518065252341330051e-04 3.320617834106087685e-04 1.764738262863829732e-04 4.518065252341330051e-04
1.676800000000000000e+04 3.818442346528172493e-04 1.764738262863829732e-04 4.518065252341330051e-04 3.320617834106087685e-04 1.764738262863829732e-04 4.518065252341330051e-04
1.676900000000000000e+04 3.818442346528172493e-04 1.764738262863829732e-04 4.518065252341330051e-04 3.320617834106087685e-04 1.764738262863829732e-04 4.518065252341330051e-04
1.677000000000000000e+04 3.818442346528172493e-04 1.764738262863829732e-04 4.518065252341330051e-04 3.320617834106087685e-04 1.764738262863829732e-04 4.518065252341330051e-04
1.677100000000000000e+04 3.818442346528172493e-04 1.764738262863829732e-04 4.518065252341330051e-04 3.320617834106087685e-04 1.764738262863829732e-04 4.518065252341330051e-04
1.677200000000000000e+04 3.818442346528172493e-04 1.764738262863829732e-04 4.518065252341330051e-04 3.320617834106087685e-04 1.764738262863829732e-04 4.518065252341330051e-04
1.677300000000000000e+04 3.818442346528172493e-04 1.764738262863829732e-04 4.518065252341330051e-04 3.320617834106087685e-04 1.764738262863829732e-04 4.518065252341330051e-04
1.677400000000000000e+04 3.818442346528172493e-04 1.764738262863829732e-04 4.518065252341330051e-04 3.320617834106087685e-04 1.764738262863829732e-04 4.518065252341330051e-04
1.677500000000000000e+04 3.818442346528172493e-04 1.764738262863829732e-04 4.518065252341330051e-04 3.320617834106087685e-04 1.764738262863829732e-04 4.518065252341330051e-04
1.677600000000000000e+04 3.818442346528172493e-04 1.764738262863829732e-04 4.518065252341330051e-04 3.320617834106087685e-04 1.764738262863829732e-04 4.518065252341330051e-04
1.677700000000000000e+04 3.818442346528172493e-04 1.764738262863829732e-04 4.518065252341330051e-04 3.320617834106087685e-04 1.764738262863829732e-04 4.518065252341330051e-04
1.677800000000000000e+04 3.818442346528172493e-04 1.764738262863829732e-04 4.518065252341330051e-04 3.320617834106087685e-04 1.764738262863829732e-04 4.518065252341330051e-04
1.677900000000000000e+04 3.818442346528172493e-04 1.764738262863829732e-04 4.518065252341330051e-04 3.320617834106087685e-04 1.764738262863829732e-04 4.518065252341330051e-04
1.678000000000000000e+04 3.818442346528172493e-04 1.764738262863829732e-04 4.518065252341330051e-04 3.320617834106087685e-04 1.764738262863829732e-04 4.518065252341330051e-04
1.678100000000000000e+04 3.818442346528172493e-04 1.764738262863829732e-04 4.518065252341330051e-04 3.320617834106087685e-04 1.764738262863829732e-04 4.518065252341330051e-04
1.678200000000000000e+04 3.818442346528172493e-04 1.764738262863829732e-04 4.518065252341330051e-04 3.320617834106087685e-04 1.764738262863829732e-04 4.518065252341330051e-04
1.678300000000000000e+04 3.818442346528172493e-04 1.764738262863829732e-04 4.518065252341330051e-04 3.320617834106087685e-04 1.764738262863829732e-04 4.518065252341330051e-04
1.678400000000000000e+04 3.818442346528172493e-04 1.764738262863829732e-04 4.518065252341330051e-04 3.320617834106087685e-04 1.764738262863829732e-04 4.518065252341330051e-04
1.678500000000000000e+04 3.818442346528172493e-04 1.764738262863829732e-04 4.518065252341330051e-04 3.320617834106087685e-04 1.764738262863829732e-04 4.518065252341330051e-04
1.678600000000000000e+04 3.818442346528172493e-04 1.764738262863829732e-04 4.518065252341330051e-04 3.320617834106087685e-04 1.764738262863829732e-04 4.518065252341330051e-04
1.678700000000000000e+04 3.818442346528172493e-04 1.764738262863829732e-04 4.518065252341330051e-04 3.320617834106087685e-04 1.764738262863829732e-04 4.518065252341330051e-04
1.678800000000000000e+04 3.818442346528172493e-04 1.764738262863829732e-04 4.518065252341330051e-04 3.320617834106087685e-04 1.764738262863829732e-04 4.518065252341330051e-04
1.678900000000000000e+04 3.818442346528172493e-04 1.764738262863829732e-04 4.518065252341330051e-04 3.320617834106087685e-04 1.764738262863829732e-04 4.518065252341330051e-04
1.679000000000000000e+04 3.818442346528172493e-04 1.764738262863829732e-04 4.518065252341330051e-04 3.320617834106087685e-04 1.764738262863829732e-04 4.518065252341330051e-04
1.679100000000000000e+04 3.818442346528172493e-04 1.764738262863829732e-04 4.518065252341330051e-04 3.320617834106087685e-04 1.764738262863829732e-04 4.518065252341330051e-04
1.679200000000000000e+04 3.818442346528172493e-04 1.764738262863829732e-04 4.518065252341330051e-04 3.320617834106087685e-04 1.764738262863829732e-04 4.518065252341330051e-04
1.679300000000000000e+04 3.818442346528172493e-04 1.764738262863829732e-04 4.518065252341330051e-04 3.320617834106087685e-04 1.764738262863829732e-04 4.518065252341330051e-04
1.679400000000000000e+04 3.818442346528172493e-04 1.764738262863829732e-04 4.518065252341330051e-04 3.320617834106087685e-04 1.764738262863829732e-04 4.518065252341330051e-04
1.679500000000000000e+04 3.818442346528172493e-04 1.764738262863829732e-04 4.518065252341330051e-04 3.320617834106087685e-04 1.764738262863829732e-04 4.518065252341330051e-04
1.679600000000000000e+04 3.818442346528172493e-04 1.764738262863829732e-04 4.518065252341330051e-04 3.320617834106087685e-04 1.764738262863829732e-04 4.518065252341330051e-04
1.679700000000000000e+04 3.818442346528172493e-04 1.764738262863829732e-04 4.518065252341330051e-04 3.320617834106087685e-04 1.764738262863829732e-04 4.518065252341330051e-04
1.679800000000000000e+04 3.818442346528172493e-04 1.764738262863829732e-04 4.518065252341330051e-04 3.320617834106087685e-04 1.764738262863829732e-04 4.518065252341330051e-04
1.679900000000000000e+04 3.818442346528172493e-04 1.764738262863829732e-04 4.518065252341330051e-04 3.320617834106087685e-04 1.764738262863829732e-04 4.518065252341330051e-04
1.680000000000000000e+04 3.818442346528172493e-04 1.764738262863829732e-04 4.518065252341330051e-04 3.320617834106087685e-04 1.764738262863829732e-04 4.518065252341330051e-04
1.680100000000000000e+04 3.818442346528172493e-04 1.764738262863829732e-04 4.518065252341330051e-04 3.320617834106087685e-04 1.764738262863829732e-04 4.518065252341330051e-04
1.680200000000000000e+04 3.818442346528172493e-04 1.764738262863829732e-04 4.518065252341330051e-04 3.320617834106087685e-04 1.764738262863829732e-04 4.518065252341330051e-04
1.680300000000000000e+04 3.818442346528172493e-04 1.764738262863829732e-04 4.518065252341330051e-04 3.320617834106087685e-04 1.764738262863829732e-04 4.518065252341330051e-04
1.680400000000000000e+04 3.818442346528172493e-04 1.764738262863829732e-04 4.518065252341330051e-04 3.320617834106087685e-04 1.764738262863829732e-04 4.518065252341330051e-04
1.680500000000000000e+04 3.818442346528172493e-04 1.764738262863829732e-04 4.518065252341330051e-04 3.320617834106087685e-04 1.764738262863829732e-04 4.518065252341330051e-04
1.680600000000000000e+04 3.818442346528172493e-04 1.764738262863829732e-04 4.518065252341330051e-04 3.320617834106087685e-04 1.764738262863829732e-04 4.518065252341330051e-04
1.680700000000000000e+04 3.818442346528172493e-04 1.764738262863829732e-04 4.518065252341330051e-04 3.320617834106087685e-04 1.764738262863829732e-04 4.518065252341330051e-04
1.680800000000000000e+04 3.818442346528172493e-04 1.764738262863829732e-04 4.518065252341330051e-04 3.320617834106087685e-04 1.764738262863829732e-04 4.518065252341330051e-04
1.680900000000000000e+04 3.818442346528172493e-04 1.764738262863829732e-04 4.518065252341330051e-04 3.320617834106087685e-04 1.764738262863829732e-04 4.518065252341330051e-04
1.681000000000000000e+04 3.818442346528172493e-04 1.764738262863829732e-04 4.518065252341330051e-04 3.320617834106087685e-04 1.764738262863829732e-04 4.518065252341330051e-04
1.681100000000000000e+04 3.818442346528172493e-04 1.764738262863829732e-04 4.518065252341330051e-04 3.320617834106087685e-04 1.764738262863829732e-04 4.518065252341330051e-04
1.681200000000000000e+04 3.818442346528172493e-04 1.764738262863829732e-04 4.518065252341330051e-04 3.320617834106087685e-04 1.764738262863829732e-04 4.518065252341330051e-04
1.681300000000000000e+04 3.818442346528172493e-04 1.764738262863829732e-04 4.518065252341330051e-04 3.320617834106087685e-04 1.764738262863829732e-04 4.518065252341330051e-04
1.681400000000000000e+04 3.818442346528172493e-04 1.764738262863829732e-04 4.518065252341330051e-04 3.320617834106087685e-04 1.764738262863829732e-04 4.518065252341330051e-04
1.681500000000000000e+04 3.818442346528172493e-04 1.764738262863829732e-04 4.518065252341330051e-04 3.320617834106087685e-04 1.764738262863829732e-04 4.518065252341330051e-04
1.681600000000000000e+04 3.818442346528172493e-04 1.764738262863829732e-04 4.518065252341330051e-04 3.320617834106087685e-04 1.764738262863829732e-04 4.518065252341330051e-04
1.681700000000000000e+04 3.818442346528172493e-04 1.764738262863829732e-04 4.518065252341330051e-04 3.320617834106087685e-04 1.764738262863829732e-04 4.518065252341330051e-04
1.681800000000000000e+04 3.818442346528172493e-04 1.764738262863829732e-04 4.518065252341330051e-04 3.320617834106087685e-04 1.764738262863829732e-04 4.518065252341330051e-04
1.681900000000000000e+04 3.818442346528172493e-04 1.764738262863829732e-04 4.518065252341330051e-04 3.320617834106087685e-04 1.764738262863829732e-04 4.518065252341330051e-04
1.682000000000000000e+04 3.818442346528172493e-04 1.764738262863829732e-04 4.518065252341330051e-04 3.320617834106087685e-04 1.764738262863829732e-04 4.518065252341330051e-04
1.682100000000000000e+04 3.818442346528172493e-04 1.764738262863829732e-04 4.518065252341330051e-04 3.320617834106087685e-04 1.764738262863829732e-04 4.518065252341330051e-04
1.682200000000000000e+04 3.818442346528172493e-04 1.764738262863829732e-04 4.518065252341330051e-04 3.320617834106087685e-04 1.764738262863829732e-04 4.518065252341330051e-04
1.682300000000000000e+04 3.818442346528172493e-04 1.764738262863829732e-04 4.518065252341330051e-04 3.320617834106087685e-04 1.764738262863829732e-04 4.518065252341330051e-04
1.682400000000000000e+04 3.818442346528172493e-04 1.764738262863829732e-04 4.518065252341330051e-04 3.320617834106087685e-04 1.764738262863829732e-04 4.518065252341330051e-04
1.682500000000000000e+04 3.818442346528172493e-04 1.764738262863829732e-04 4.518065252341330051e-04 3.320617834106087685e-04 1.764738262863829732e-04 4.518065252341330051e-04
1.682600000000000000e+04 3.818442346528172493e-04 1.764738262863829732e-04 4.518065252341330051e-04 3.320617834106087685e-04 1.764738262863829732e-04 4.518065252341330051e-04
1.682700000000000000e+04 3.818442346528172493e-04 1.764738262863829732e-04 4.518065252341330051e-04 3.320617834106087685e-04 1.764738262863829732e-04 4.518065252341330051e-04
1.682800000000000000e+04 3.818442346528172493e-04 1.764738262863829732e-04 4.518065252341330051e-04 3.320617834106087685e-04 1.764738262863829732e-04 4.518065252341330051e-04
1.682900000000000000e+04 3.818442346528172493e-04 1.764738262863829732e-04 4.518065252341330051e-04 3.320617834106087685e-04 1.764738262863829732e-04 4.518065252341330051e-04
1.683000000000000000e+04 3.818442346528172493e-04 1.764738262863829732e-04 4.518065252341330051e-04 3.320617834106087685e-04 1.764738262863829732e-04 4.518065252341330051e-04
1.683100000000000000e+04 3.818442346528172493e-04 1.764738262863829732e-04 4.518065252341330051e-04 3.320617834106087685e-04 1.764738262863829732e-04 4.518065252341330051e-04
1.683200000000000000e+04 3.818442346528172493e-04 1.764738262863829732e-04 4.518065252341330051e-04 3.320617834106087685e-04 1.764738262863829732e-04 4.518065252341330051e-04
1.683300000000000000e+04 3.818442346528172493e-04 1.764738262863829732e-04 4.518065252341330051e-04 3.320617834106087685e-04 1.764738262863829732e-04 4.518065252341330051e-04
1.683400000000000000e+04 3.818442346528172493e-04 1.764738262863829732e-04 4.518065252341330051e-04 3.320617834106087685e-04 1.764738262863829732e-04 4.518065252341330051e-04
1.683500000000000000e+04 3.818442346528172493e-04 1.764738262863829732e-04 4.518065252341330051e-04 3.320617834106087685e-04 1.764738262863829732e-04 4.518065252341330051e-04
1.683600000000000000e+04 3.818442346528172493e-04 1.764738262863829732e-04 4.518065252341330051e-04 3.320617834106087685e-04 1.764738262863829732e-04 4.518065252341330051e-04
1.683700000000000000e+04 3.818442346528172493e-04 1.764738262863829732e-04 4.518065252341330051e-04 3.320617834106087685e-04 1.764738262863829732e-04 4.518065252341330051e-04
1.683800000000000000e+04 3.818442346528172493e-04 1.764738262863829732e-04 4.518065252341330051e-04 3.320617834106087685e-04 1.764738262863829732e-04 4.518065252341330051e-04
1.683900000000000000e+04 3.818442346528172493e-04 1.764738262863829732e-04 4.518065252341330051e-04 3.320617834106087685e-04 1.764738262863829732e-04 4.518065252341330051e-04
1.684000000000000000e+04 3.818442346528172493e-04 1.764738262863829732e-04 4.518065252341330051e-04 3.320617834106087685e-04 1.764738262863829732e-04 4.518065252341330051e-04
1.684100000000000000e+04 3.818442346528172493e-04 1.764738262863829732e-04 4.518065252341330051e-04 3.320617834106087685e-04 1.764738262863829732e-04 4.518065252341330051e-04
1.684200000000000000e+04 3.818442346528172493e-04 1.764738262863829732e-04 4.518065252341330051e-04 3.320617834106087685e-04 1.764738262863829732e-04 4.518065252341330051e-04
1.684300000000000000e+04 3.818442346528172493e-04 1.764738262863829732e-04 4.518065252341330051e-04 3.320617834106087685e-04 1.764738262863829732e-04 4.518065252341330051e-04
1.684400000000000000e+04 3.818442346528172493e-04 1.764738262863829732e-04 4.518065252341330051e-04 3.320617834106087685e-04 1.764738262863829732e-04 4.518065252341330051e-04
1.684500000000000000e+04 3.818442346528172493e-04 1.764738262863829732e-04 4.518065252341330051e-04 3.320617834106087685e-04 1.764738262863829732e-04 4.518065252341330051e-04
1.684600000000000000e+04 3.818442346528172493e-04 1.764738262863829732e-04 4.518065252341330051e-04 3.320617834106087685e-04 1.764738262863829732e-04 4.518065252341330051e-04
1.684700000000000000e+04 3.818442346528172493e-04 1.764738262863829732e-04 4.518065252341330051e-04 3.320617834106087685e-04 1.764738262863829732e-04 4.518065252341330051e-04
1.684800000000000000e+04 3.818442346528172493e-04 1.764738262863829732e-04 4.518065252341330051e-04 3.320617834106087685e-04 1.764738262863829732e-04 4.518065252341330051e-04
1.684900000000000000e+04 3.818442346528172493e-04 1.764738262863829732e-04 4.518065252341330051e-04 3.320617834106087685e-04 1.764738262863829732e-04 4.518065252341330051e-04
1.685000000000000000e+04 3.818442346528172493e-04 1.764738262863829732e-04 4.518065252341330051e-04 3.320617834106087685e-04 1.764738262863829732e-04 4.518065252341330051e-04
1.685100000000000000e+04 3.818442346528172493e-04 1.764738262863829732e-04 4.518065252341330051e-04 3.320617834106087685e-04 1.764738262863829732e-04 4.518065252341330051e-04
1.685200000000000000e+04 3.818442346528172493e-04 1.764738262863829732e-04 4.518065252341330051e-04 3.320617834106087685e-04 1.764738262863829732e-04 4.518065252341330051e-04
1.685300000000000000e+04 3.818442346528172493e-04 1.764738262863829732e-04 4.518065252341330051e-04 3.320617834106087685e-04 1.764738262863829732e-04 4.518065252341330051e-04
1.685400000000000000e+04 3.818442346528172493e-04 1.764738262863829732e-04 4.518065252341330051e-04 3.320617834106087685e-04 1.764738262863829732e-04 4.518065252341330051e-04
1.685500000000000000e+04 3.818442346528172493e-04 1.764738262863829732e-04 4.518065252341330051e-04 3.320617834106087685e-04 1.764738262863829732e-04 4.518065252341330051e-04
1.685600000000000000e+04 3.818442346528172493e-04 1.764738262863829732e-04 4.518065252341330051e-04 3.320617834106087685e-04 1.764738262863829732e-04 4.518065252341330051e-04
1.685700000000000000e+04 3.818442346528172493e-04 1.764738262863829732e-04 4.518065252341330051e-04 3.320617834106087685e-04 1.764738262863829732e-04 4.518065252341330051e-04
1.685800000000000000e+04 3.818442346528172493e-04 1.764738262863829732e-04 4.518065252341330051e-04 3.320617834106087685e-04 1.764738262863829732e-04 4.518065252341330051e-04
1.685900000000000000e+04 3.818442346528172493e-04 1.764738262863829732e-04 4.518065252341330051e-04 3.320617834106087685e-04 1.764738262863829732e-04 4.518065252341330051e-04
1.686000000000000000e+04 3.818442346528172493e-04 1.764738262863829732e-04 4.518065252341330051e-04 3.320617834106087685e-04 1.764738262863829732e-04 4.518065252341330051e-04
1.686100000000000000e+04 3.818442346528172493e-04 1.764738262863829732e-04 4.518065252341330051e-04 3.320617834106087685e-04 1.764738262863829732e-04 4.518065252341330051e-04
1.686200000000000000e+04 3.818442346528172493e-04 1.764738262863829732e-04 4.518065252341330051e-04 3.320617834106087685e-04 1.764738262863829732e-04 4.518065252341330051e-04
1.686300000000000000e+04 3.818442346528172493e-04 1.764738262863829732e-04 4.518065252341330051e-04 3.320617834106087685e-04 1.764738262863829732e-04 4.518065252341330051e-04
1.686400000000000000e+04 3.818442346528172493e-04 1.764738262863829732e-04 4.518065252341330051e-04 3.320617834106087685e-04 1.764738262863829732e-04 4.518065252341330051e-04
1.686500000000000000e+04 3.818442346528172493e-04 1.764738262863829732e-04 4.518065252341330051e-04 3.320617834106087685e-04 1.764738262863829732e-04 4.518065252341330051e-04
1.686600000000000000e+04 3.818442346528172493e-04 1.764738262863829732e-04 4.518065252341330051e-04 3.320617834106087685e-04 1.764738262863829732e-04 4.518065252341330051e-04
1.686700000000000000e+04 3.818442346528172493e-04 1.764738262863829732e-04 4.518065252341330051e-04 3.320617834106087685e-04 1.764738262863829732e-04 4.518065252341330051e-04
1.686800000000000000e+04 3.818442346528172493e-04 1.764738262863829732e-04 4.518065252341330051e-04 3.320617834106087685e-04 1.764738262863829732e-04 4.518065252341330051e-04
1.686900000000000000e+04 3.818442346528172493e-04 1.764738262863829732e-04 4.518065252341330051e-04 3.320617834106087685e-04 1.764738262863829732e-04 4.518065252341330051e-04
1.687000000000000000e+04 3.818442346528172493e-04 1.764738262863829732e-04 4.518065252341330051e-04 3.320617834106087685e-04 1.764738262863829732e-04 4.518065252341330051e-04
1.687100000000000000e+04 3.818442346528172493e-04 1.764738262863829732e-04 4.518065252341330051e-04 3.320617834106087685e-04 1.764738262863829732e-04 4.518065252341330051e-04
1.687200000000000000e+04 3.818442346528172493e-04 1.764738262863829732e-04 4.518065252341330051e-04 3.320617834106087685e-04 1.764738262863829732e-04 4.518065252341330051e-04
1.687300000000000000e+04 3.818442346528172493e-04 1.764738262863829732e-04 4.518065252341330051e-04 3.320617834106087685e-04 1.764738262863829732e-04 4.518065252341330051e-04
1.687400000000000000e+04 3.818442346528172493e-04 1.764738262863829732e-04 4.518065252341330051e-04 3.320617834106087685e-04 1.764738262863829732e-04 4.518065252341330051e-04
1.687500000000000000e+04 3.818442346528172493e-04 1.764738262863829732e-04 4.518065252341330051e-04 3.320617834106087685e-04 1.764738262863829732e-04 4.518065252341330051e-04
1.687600000000000000e+04 3.818442346528172493e-04 1.764738262863829732e-04 4.518065252341330051e-04 3.320617834106087685e-04 1.764738262863829732e-04 4.518065252341330051e-04
1.687700000000000000e+04 3.818442346528172493e-04 1.764738262863829732e-04 4.518065252341330051e-04 3.320617834106087685e-04 1.764738262863829732e-04 4.518065252341330051e-04
1.687800000000000000e+04 3.818442346528172493e-04 1.764738262863829732e-04 4.518065252341330051e-04 3.320617834106087685e-04 1.764738262863829732e-04 4.518065252341330051e-04
1.687900000000000000e+04 3.818442346528172493e-04 1.764738262863829732e-04 4.518065252341330051e-04 3.320617834106087685e-04 1.764738262863829732e-04 4.518065252341330051e-04
1.688000000000000000e+04 3.818442346528172493e-04 1.764738262863829732e-04 4.518065252341330051e-04 3.320617834106087685e-04 1.764738262863829732e-04 4.518065252341330051e-04
1.688100000000000000e+04 3.818442346528172493e-04 1.764738262863829732e-04 4.518065252341330051e-04 3.320617834106087685e-04 1.764738262863829732e-04 4.518065252341330051e-04
1.688200000000000000e+04 3.818442346528172493e-04 1.764738262863829732e-04 4.518065252341330051e-04 3.320617834106087685e-04 1.764738262863829732e-04 4.518065252341330051e-04
1.688300000000000000e+04 3.818442346528172493e-04 1.764738262863829732e-04 4.518065252341330051e-04 3.320617834106087685e-04 1.764738262863829732e-04 4.518065252341330051e-04
1.688400000000000000e+04 3.818442346528172493e-04 1.764738262863829732e-04 4.518065252341330051e-04 3.320617834106087685e-04 1.764738262863829732e-04 4.518065252341330051e-04
1.688500000000000000e+04 3.818442346528172493e-04 1.764738262863829732e-04 4.518065252341330051e-04 3.320617834106087685e-04 1.764738262863829732e-04 4.518065252341330051e-04
1.688600000000000000e+04 3.818442346528172493e-04 1.764738262863829732e-04 4.518065252341330051e-04 3.320617834106087685e-04 1.764738262863829732e-04 4.518065252341330051e-04
1.688700000000000000e+04 3.818442346528172493e-04 1.764738262863829732e-04 4.518065252341330051e-04 3.320617834106087685e-04 1.764738262863829732e-04 4.518065252341330051e-04
1.688800000000000000e+04 3.818442346528172493e-04 1.764738262863829732e-04 4.518065252341330051e-04 3.320617834106087685e-04 1.764738262863829732e-04 4.518065252341330051e-04
1.688900000000000000e+04 3.818442346528172493e-04 1.764738262863829732e-04 4.518065252341330051e-04 3.320617834106087685e-04 1.764738262863829732e-04 4.518065252341330051e-04
1.689000000000000000e+04 3.818442346528172493e-04 1.764738262863829732e-04 4.518065252341330051e-04 3.320617834106087685e-04 1.764738262863829732e-04 4.518065252341330051e-04
1.689100000000000000e+04 3.818442346528172493e-04 1.764738262863829732e-04 4.518065252341330051e-04 3.320617834106087685e-04 1.764738262863829732e-04 4.518065252341330051e-04
1.689200000000000000e+04 3.818442346528172493e-04 1.764738262863829732e-04 4.518065252341330051e-04 3.320617834106087685e-04 1.764738262863829732e-04 4.518065252341330051e-04
1.689300000000000000e+04 3.818442346528172493e-04 1.764738262863829732e-04 4.518065252341330051e-04 3.320617834106087685e-04 1.764738262863829732e-04 4.518065252341330051e-04
1.689400000000000000e+04 3.818442346528172493e-04 1.764738262863829732e-04 4.518065252341330051e-04 3.320617834106087685e-04 1.764738262863829732e-04 4.518065252341330051e-04
1.689500000000000000e+04 3.818442346528172493e-04 1.764738262863829732e-04 4.518065252341330051e-04 3.320617834106087685e-04 1.764738262863829732e-04 4.518065252341330051e-04
1.689600000000000000e+04 3.818442346528172493e-04 1.764738262863829732e-04 4.518065252341330051e-04 3.320617834106087685e-04 1.764738262863829732e-04 4.518065252341330051e-04
1.689700000000000000e+04 3.818442346528172493e-04 1.764738262863829732e-04 4.518065252341330051e-04 3.320617834106087685e-04 1.764738262863829732e-04 4.518065252341330051e-04
1.689800000000000000e+04 3.818442346528172493e-04 1.764738262863829732e-04 4.518065252341330051e-04 3.320617834106087685e-04 1.764738262863829732e-04 4.518065252341330051e-04
1.689900000000000000e+04 3.818442346528172493e-04 1.764738262863829732e-04 4.518065252341330051e-04 3.320617834106087685e-04 1.764738262863829732e-04 4.518065252341330051e-04
1.690000000000000000e+04 3.818442346528172493e-04 1.764738262863829732e-04 4.518065252341330051e-04 3.320617834106087685e-04 1.764738262863829732e-04 4.518065252341330051e-04
1.690100000000000000e+04 3.818442346528172493e-04 1.764738262863829732e-04 4.518065252341330051e-04 3.320617834106087685e-04 1.764738262863829732e-04 4.518065252341330051e-04
1.690200000000000000e+04 3.818442346528172493e-04 1.764738262863829732e-04 4.518065252341330051e-04 3.320617834106087685e-04 1.764738262863829732e-04 4.518065252341330051e-04
1.690300000000000000e+04 3.818442346528172493e-04 1.764738262863829732e-04 4.518065252341330051e-04 3.320617834106087685e-04 1.764738262863829732e-04 4.518065252341330051e-04
1.690400000000000000e+04 3.818442346528172493e-04 1.764738262863829732e-04 4.518065252341330051e-04 3.320617834106087685e-04 1.764738262863829732e-04 4.518065252341330051e-04
1.690500000000000000e+04 3.818442346528172493e-04 1.764738262863829732e-04 4.518065252341330051e-04 3.320617834106087685e-04 1.764738262863829732e-04 4.518065252341330051e-04
1.690600000000000000e+04 3.818442346528172493e-04 1.764738262863829732e-04 4.518065252341330051e-04 3.320617834106087685e-04 1.764738262863829732e-04 4.518065252341330051e-04
1.690700000000000000e+04 3.818442346528172493e-04 1.764738262863829732e-04 4.518065252341330051e-04 3.320617834106087685e-04 1.764738262863829732e-04 4.518065252341330051e-04
1.690800000000000000e+04 3.818442346528172493e-04 1.764738262863829732e-04 4.518065252341330051e-04 3.320617834106087685e-04 1.764738262863829732e-04 4.518065252341330051e-04
1.690900000000000000e+04 3.818442346528172493e-04 1.764738262863829732e-04 4.518065252341330051e-04 3.320617834106087685e-04 1.764738262863829732e-04 4.518065252341330051e-04
1.691000000000000000e+04 3.818442346528172493e-04 1.764738262863829732e-04 4.518065252341330051e-04 3.320617834106087685e-04 1.764738262863829732e-04 4.518065252341330051e-04
1.691100000000000000e+04 3.818442346528172493e-04 1.764738262863829732e-04 4.518065252341330051e-04 3.320617834106087685e-04 1.764738262863829732e-04 4.518065252341330051e-04
1.691200000000000000e+04 3.818442346528172493e-04 1.764738262863829732e-04 4.518065252341330051e-04 3.320617834106087685e-04 1.764738262863829732e-04 4.518065252341330051e-04
1.691300000000000000e+04 3.818442346528172493e-04 1.764738262863829732e-04 4.518065252341330051e-04 3.320617834106087685e-04 1.764738262863829732e-04 4.518065252341330051e-04
1.691400000000000000e+04 3.818442346528172493e-04 1.764738262863829732e-04 4.518065252341330051e-04 3.320617834106087685e-04 1.764738262863829732e-04 4.518065252341330051e-04
1.691500000000000000e+04 3.818442346528172493e-04 1.764738262863829732e-04 4.518065252341330051e-04 3.320617834106087685e-04 1.764738262863829732e-04 4.518065252341330051e-04
1.691600000000000000e+04 3.818442346528172493e-04 1.764738262863829732e-04 4.518065252341330051e-04 3.320617834106087685e-04 1.764738262863829732e-04 4.518065252341330051e-04
1.691700000000000000e+04 3.818442346528172493e-04 1.764738262863829732e-04 4.518065252341330051e-04 3.320617834106087685e-04 1.764738262863829732e-04 4.518065252341330051e-04
1.691800000000000000e+04 3.818442346528172493e-04 1.764738262863829732e-04 4.518065252341330051e-04 3.320617834106087685e-04 1.764738262863829732e-04 4.518065252341330051e-04
1.691900000000000000e+04 3.818442346528172493e-04 1.764738262863829732e-04 4.518065252341330051e-04 3.320617834106087685e-04 1.764738262863829732e-04 4.518065252341330051e-04
1.692000000000000000e+04 3.818442346528172493e-04 1.764738262863829732e-04 4.518065252341330051e-04 3.320617834106087685e-04 1.764738262863829732e-04 4.518065252341330051e-04
1.692100000000000000e+04 3.818442346528172493e-04 1.764738262863829732e-04 4.518065252341330051e-04 3.320617834106087685e-04 1.764738262863829732e-04 4.518065252341330051e-04
1.692200000000000000e+04 3.818442346528172493e-04 1.764738262863829732e-04 4.518065252341330051e-04 3.320617834106087685e-04 1.764738262863829732e-04 4.518065252341330051e-04
1.692300000000000000e+04 3.818442346528172493e-04 1.764738262863829732e-04 4.518065252341330051e-04 3.320617834106087685e-04 1.764738262863829732e-04 4.518065252341330051e-04
1.692400000000000000e+04 3.818442346528172493e-04 1.764738262863829732e-04 4.518065252341330051e-04 3.320617834106087685e-04 1.764738262863829732e-04 4.518065252341330051e-04
1.692500000000000000e+04 3.818442346528172493e-04 1.764738262863829732e-04 4.518065252341330051e-04 3.320617834106087685e-04 1.764738262863829732e-04 4.518065252341330051e-04
1.692600000000000000e+04 3.818442346528172493e-04 1.764738262863829732e-04 4.518065252341330051e-04 3.320617834106087685e-04 1.764738262863829732e-04 4.518065252341330051e-04
1.692700000000000000e+04 3.818442346528172493e-04 1.764738262863829732e-04 4.518065252341330051e-04 3.320617834106087685e-04 1.764738262863829732e-04 4.518065252341330051e-04
1.692800000000000000e+04 3.818442346528172493e-04 1.764738262863829732e-04 4.518065252341330051e-04 3.320617834106087685e-04 1.764738262863829732e-04 4.518065252341330051e-04
1.692900000000000000e+04 3.818442346528172493e-04 1.764738262863829732e-04 4.518065252341330051e-04 3.320617834106087685e-04 1.764738262863829732e-04 4.518065252341330051e-04
1.693000000000000000e+04 3.818442346528172493e-04 1.764738262863829732e-04 4.518065252341330051e-04 3.320617834106087685e-04 1.764738262863829732e-04 4.518065252341330051e-04
1.693100000000000000e+04 3.818442346528172493e-04 1.764738262863829732e-04 4.518065252341330051e-04 3.320617834106087685e-04 1.764738262863829732e-04 4.518065252341330051e-04
1.693200000000000000e+04 3.818442346528172493e-04 1.764738262863829732e-04 4.518065252341330051e-04 3.320617834106087685e-04 1.764738262863829732e-04 4.518065252341330051e-04
1.693300000000000000e+04 3.818442346528172493e-04 1.764738262863829732e-04 4.518065252341330051e-04 3.320617834106087685e-04 1.764738262863829732e-04 4.518065252341330051e-04
1.693400000000000000e+04 3.818442346528172493e-04 1.764738262863829732e-04 4.518065252341330051e-04 3.320617834106087685e-04 1.764738262863829732e-04 4.518065252341330051e-04
1.693500000000000000e+04 3.818442346528172493e-04 1.764738262863829732e-04 4.518065252341330051e-04 3.320617834106087685e-04 1.764738262863829732e-04 4.518065252341330051e-04
1.693600000000000000e+04 3.818442346528172493e-04 1.764738262863829732e-04 4.518065252341330051e-04 3.320617834106087685e-04 1.764738262863829732e-04 4.518065252341330051e-04
1.693700000000000000e+04 3.818442346528172493e-04 1.764738262863829732e-04 4.518065252341330051e-04 3.320617834106087685e-04 1.764738262863829732e-04 4.518065252341330051e-04
1.693800000000000000e+04 3.818442346528172493e-04 1.764738262863829732e-04 4.518065252341330051e-04 3.320617834106087685e-04 1.764738262863829732e-04 4.518065252341330051e-04
1.693900000000000000e+04 3.818442346528172493e-04 1.764738262863829732e-04 4.518065252341330051e-04 3.320617834106087685e-04 1.764738262863829732e-04 4.518065252341330051e-04
1.694000000000000000e+04 3.818442346528172493e-04 1.764738262863829732e-04 4.518065252341330051e-04 3.320617834106087685e-04 1.764738262863829732e-04 4.518065252341330051e-04
1.694100000000000000e+04 3.818442346528172493e-04 1.764738262863829732e-04 4.518065252341330051e-04 3.320617834106087685e-04 1.764738262863829732e-04 4.518065252341330051e-04
1.694200000000000000e+04 3.818442346528172493e-04 1.764738262863829732e-04 4.518065252341330051e-04 3.320617834106087685e-04 1.764738262863829732e-04 4.518065252341330051e-04
1.694300000000000000e+04 3.818442346528172493e-04 1.764738262863829732e-04 4.518065252341330051e-04 3.320617834106087685e-04 1.764738262863829732e-04 4.518065252341330051e-04
1.694400000000000000e+04 3.818442346528172493e-04 1.764738262863829732e-04 4.518065252341330051e-04 3.320617834106087685e-04 1.764738262863829732e-04 4.518065252341330051e-04
1.694500000000000000e+04 3.818442346528172493e-04 1.764738262863829732e-04 4.518065252341330051e-04 3.320617834106087685e-04 1.764738262863829732e-04 4.518065252341330051e-04
1.694600000000000000e+04 3.818442346528172493e-04 1.764738262863829732e-04 4.518065252341330051e-04 3.320617834106087685e-04 1.764738262863829732e-04 4.518065252341330051e-04
1.694700000000000000e+04 3.818442346528172493e-04 1.764738262863829732e-04 4.518065252341330051e-04 3.320617834106087685e-04 1.764738262863829732e-04 4.518065252341330051e-04
1.694800000000000000e+04 3.818442346528172493e-04 1.764738262863829732e-04 4.518065252341330051e-04 3.320617834106087685e-04 1.764738262863829732e-04 4.518065252341330051e-04
1.694900000000000000e+04 3.818442346528172493e-04 1.764738262863829732e-04 4.518065252341330051e-04 3.320617834106087685e-04 1.764738262863829732e-04 4.518065252341330051e-04
1.695000000000000000e+04 3.818442346528172493e-04 1.764738262863829732e-04 4.518065252341330051e-04 3.320617834106087685e-04 1.764738262863829732e-04 4.518065252341330051e-04
1.695100000000000000e+04 3.818442346528172493e-04 1.764738262863829732e-04 4.518065252341330051e-04 3.320617834106087685e-04 1.764738262863829732e-04 4.518065252341330051e-04
1.695200000000000000e+04 3.818442346528172493e-04 1.764738262863829732e-04 4.518065252341330051e-04 3.320617834106087685e-04 1.764738262863829732e-04 4.518065252341330051e-04
1.695300000000000000e+04 3.818442346528172493e-04 1.764738262863829732e-04 4.518065252341330051e-04 3.320617834106087685e-04 1.764738262863829732e-04 4.518065252341330051e-04
1.695400000000000000e+04 3.818442346528172493e-04 1.764738262863829732e-04 4.518065252341330051e-04 3.320617834106087685e-04 1.764738262863829732e-04 4.518065252341330051e-04
1.695500000000000000e+04 3.818442346528172493e-04 1.764738262863829732e-04 4.518065252341330051e-04 3.320617834106087685e-04 1.764738262863829732e-04 4.518065252341330051e-04
1.695600000000000000e+04 3.818442346528172493e-04 1.764738262863829732e-04 4.518065252341330051e-04 3.320617834106087685e-04 1.764738262863829732e-04 4.518065252341330051e-04
1.695700000000000000e+04 3.818442346528172493e-04 1.764738262863829732e-04 4.518065252341330051e-04 3.320617834106087685e-04 1.764738262863829732e-04 4.518065252341330051e-04
1.695800000000000000e+04 3.818442346528172493e-04 1.764738262863829732e-04 4.518065252341330051e-04 3.320617834106087685e-04 1.764738262863829732e-04 4.518065252341330051e-04
1.695900000000000000e+04 3.818442346528172493e-04 1.764738262863829732e-04 4.518065252341330051e-04 3.320617834106087685e-04 1.764738262863829732e-04 4.518065252341330051e-04
1.696000000000000000e+04 3.818442346528172493e-04 1.764738262863829732e-04 4.518065252341330051e-04 3.320617834106087685e-04 1.764738262863829732e-04 4.518065252341330051e-04
1.696100000000000000e+04 3.818442346528172493e-04 1.764738262863829732e-04 4.518065252341330051e-04 3.320617834106087685e-04 1.764738262863829732e-04 4.518065252341330051e-04
1.696200000000000000e+04 3.818442346528172493e-04 1.764738262863829732e-04 4.518065252341330051e-04 3.320617834106087685e-04 1.764738262863829732e-04 4.518065252341330051e-04
1.696300000000000000e+04 3.818442346528172493e-04 1.764738262863829732e-04 4.518065252341330051e-04 3.320617834106087685e-04 1.764738262863829732e-04 4.518065252341330051e-04
1.696400000000000000e+04 3.818442346528172493e-04 1.764738262863829732e-04 4.518065252341330051e-04 3.320617834106087685e-04 1.764738262863829732e-04 4.518065252341330051e-04
1.696500000000000000e+04 3.818442346528172493e-04 1.764738262863829732e-04 4.518065252341330051e-04 3.320617834106087685e-04 1.764738262863829732e-04 4.518065252341330051e-04
1.696600000000000000e+04 3.818442346528172493e-04 1.764738262863829732e-04 4.518065252341330051e-04 3.320617834106087685e-04 1.764738262863829732e-04 4.518065252341330051e-04
1.696700000000000000e+04 3.818442346528172493e-04 1.764738262863829732e-04 4.518065252341330051e-04 3.320617834106087685e-04 1.764738262863829732e-04 4.518065252341330051e-04
1.696800000000000000e+04 3.818442346528172493e-04 1.764738262863829732e-04 4.518065252341330051e-04 3.320617834106087685e-04 1.764738262863829732e-04 4.518065252341330051e-04
1.696900000000000000e+04 3.818442346528172493e-04 1.764738262863829732e-04 4.518065252341330051e-04 3.320617834106087685e-04 1.764738262863829732e-04 4.518065252341330051e-04
1.697000000000000000e+04 3.818442346528172493e-04 1.764738262863829732e-04 4.518065252341330051e-04 3.320617834106087685e-04 1.764738262863829732e-04 4.518065252341330051e-04
1.697100000000000000e+04 3.818442346528172493e-04 1.764738262863829732e-04 4.518065252341330051e-04 3.320617834106087685e-04 1.764738262863829732e-04 4.518065252341330051e-04
1.697200000000000000e+04 3.818442346528172493e-04 1.764738262863829732e-04 4.518065252341330051e-04 3.320617834106087685e-04 1.764738262863829732e-04 4.518065252341330051e-04
1.697300000000000000e+04 3.818442346528172493e-04 1.764738262863829732e-04 4.518065252341330051e-04 3.320617834106087685e-04 1.764738262863829732e-04 4.518065252341330051e-04
1.697400000000000000e+04 3.818442346528172493e-04 1.764738262863829732e-04 4.518065252341330051e-04 3.320617834106087685e-04 1.764738262863829732e-04 4.518065252341330051e-04
1.697500000000000000e+04 3.818442346528172493e-04 1.764738262863829732e-04 4.518065252341330051e-04 3.320617834106087685e-04 1.764738262863829732e-04 4.518065252341330051e-04
1.697600000000000000e+04 3.818442346528172493e-04 1.764738262863829732e-04 4.518065252341330051e-04 3.320617834106087685e-04 1.764738262863829732e-04 4.518065252341330051e-04
1.697700000000000000e+04 3.818442346528172493e-04 1.764738262863829732e-04 4.518065252341330051e-04 3.320617834106087685e-04 1.764738262863829732e-04 4.518065252341330051e-04
1.697800000000000000e+04 3.818442346528172493e-04 1.764738262863829732e-04 4.518065252341330051e-04 3.320617834106087685e-04 1.764738262863829732e-04 4.518065252341330051e-04
1.697900000000000000e+04 3.818442346528172493e-04 1.764738262863829732e-04 4.518065252341330051e-04 3.320617834106087685e-04 1.764738262863829732e-04 4.518065252341330051e-04
1.698000000000000000e+04 3.818442346528172493e-04 1.764738262863829732e-04 4.518065252341330051e-04 3.320617834106087685e-04 1.764738262863829732e-04 4.518065252341330051e-04
1.698100000000000000e+04 3.818442346528172493e-04 1.764738262863829732e-04 4.518065252341330051e-04 3.320617834106087685e-04 1.764738262863829732e-04 4.518065252341330051e-04
1.698200000000000000e+04 3.818442346528172493e-04 1.764738262863829732e-04 4.518065252341330051e-04 3.320617834106087685e-04 1.764738262863829732e-04 4.518065252341330051e-04
1.698300000000000000e+04 3.818442346528172493e-04 1.764738262863829732e-04 4.518065252341330051e-04 3.320617834106087685e-04 1.764738262863829732e-04 4.518065252341330051e-04
1.698400000000000000e+04 3.818442346528172493e-04 1.764738262863829732e-04 4.518065252341330051e-04 3.320617834106087685e-04 1.764738262863829732e-04 4.518065252341330051e-04
1.698500000000000000e+04 3.818442346528172493e-04 1.764738262863829732e-04 4.518065252341330051e-04 3.320617834106087685e-04 1.764738262863829732e-04 4.518065252341330051e-04
1.698600000000000000e+04 3.818442346528172493e-04 1.764738262863829732e-04 4.518065252341330051e-04 3.320617834106087685e-04 1.764738262863829732e-04 4.518065252341330051e-04
1.698700000000000000e+04 3.818442346528172493e-04 1.764738262863829732e-04 4.518065252341330051e-04 3.320617834106087685e-04 1.764738262863829732e-04 4.518065252341330051e-04
1.698800000000000000e+04 3.818442346528172493e-04 1.764738262863829732e-04 4.518065252341330051e-04 3.320617834106087685e-04 1.764738262863829732e-04 4.518065252341330051e-04
1.698900000000000000e+04 3.818442346528172493e-04 1.764738262863829732e-04 4.518065252341330051e-04 3.320617834106087685e-04 1.764738262863829732e-04 4.518065252341330051e-04
1.699000000000000000e+04 3.818442346528172493e-04 1.764738262863829732e-04 4.518065252341330051e-04 3.320617834106087685e-04 1.764738262863829732e-04 4.518065252341330051e-04
1.699100000000000000e+04 3.818442346528172493e-04 1.764738262863829732e-04 4.518065252341330051e-04 3.320617834106087685e-04 1.764738262863829732e-04 4.518065252341330051e-04
1.699200000000000000e+04 3.818442346528172493e-04 1.764738262863829732e-04 4.518065252341330051e-04 3.320617834106087685e-04 1.764738262863829732e-04 4.518065252341330051e-04
1.699300000000000000e+04 3.818442346528172493e-04 1.764738262863829732e-04 4.518065252341330051e-04 3.320617834106087685e-04 1.764738262863829732e-04 4.518065252341330051e-04
1.699400000000000000e+04 3.818442346528172493e-04 1.764738262863829732e-04 4.518065252341330051e-04 3.320617834106087685e-04 1.764738262863829732e-04 4.518065252341330051e-04
1.699500000000000000e+04 3.818442346528172493e-04 1.764738262863829732e-04 4.518065252341330051e-04 3.320617834106087685e-04 1.764738262863829732e-04 4.518065252341330051e-04
1.699600000000000000e+04 3.818442346528172493e-04 1.764738262863829732e-04 4.518065252341330051e-04 3.320617834106087685e-04 1.764738262863829732e-04 4.518065252341330051e-04
1.699700000000000000e+04 3.818442346528172493e-04 1.764738262863829732e-04 4.518065252341330051e-04 3.320617834106087685e-04 1.764738262863829732e-04 4.518065252341330051e-04
1.699800000000000000e+04 3.818442346528172493e-04 1.764738262863829732e-04 4.518065252341330051e-04 3.320617834106087685e-04 1.764738262863829732e-04 4.518065252341330051e-04
1.699900000000000000e+04 3.818442346528172493e-04 1.764738262863829732e-04 4.518065252341330051e-04 3.320617834106087685e-04 1.764738262863829732e-04 4.518065252341330051e-04
1.700000000000000000e+04 3.818442346528172493e-04 1.764738262863829732e-04 4.518065252341330051e-04 3.320617834106087685e-04 1.764738262863829732e-04 4.518065252341330051e-04
